tensor([[1.5438e+03, 0.0000e+00, 9.5527e+02],
        [0.0000e+00, 1.5445e+03, 5.3354e+02],
        [0.0000e+00, 0.0000e+00, 1.0000e+00]])
tensor([[1.5437e+03, 0.0000e+00, 9.5528e+02],
        [0.0000e+00, 1.5444e+03, 5.3356e+02],
        [0.0000e+00, 0.0000e+00, 1.0000e+00]])
tensor([[1.5436e+03, 0.0000e+00, 9.5528e+02],
        [0.0000e+00, 1.5443e+03, 5.3359e+02],
        [0.0000e+00, 0.0000e+00, 1.0000e+00]])
tensor([[1.5435e+03, 0.0000e+00, 9.5529e+02],
        [0.0000e+00, 1.5442e+03, 5.3361e+02],
        [0.0000e+00, 0.0000e+00, 1.0000e+00]])
tensor([[1.5434e+03, 0.0000e+00, 9.5530e+02],
        [0.0000e+00, 1.5441e+03, 5.3364e+02],
        [0.0000e+00, 0.0000e+00, 1.0000e+00]])
tensor([[1.5433e+03, 0.0000e+00, 9.5530e+02],
        [0.0000e+00, 1.5441e+03, 5.3366e+02],
        [0.0000e+00, 0.0000e+00, 1.0000e+00]])
tensor([[1.5432e+03, 0.0000e+00, 9.5531e+02],
        [0.0000e+00, 1.5440e+03, 5.3368e+02],
        [0.0000e+00, 0.0000e+00, 1.0000e+00]])
tensor([[1.5432e+03, 0.0000e+00, 9.5531e+02],
        [0.0000e+00, 1.5439e+03, 5.3371e+02],
        [0.0000e+00, 0.0000e+00, 1.0000e+00]])
tensor([[1.5431e+03, 0.0000e+00, 9.5532e+02],
        [0.0000e+00, 1.5438e+03, 5.3373e+02],
        [0.0000e+00, 0.0000e+00, 1.0000e+00]])
tensor([[1.5430e+03, 0.0000e+00, 9.5533e+02],
        [0.0000e+00, 1.5437e+03, 5.3376e+02],
        [0.0000e+00, 0.0000e+00, 1.0000e+00]])
tensor([[1.5429e+03, 0.0000e+00, 9.5533e+02],
        [0.0000e+00, 1.5436e+03, 5.3378e+02],
        [0.0000e+00, 0.0000e+00, 1.0000e+00]])
tensor([[1.5428e+03, 0.0000e+00, 9.5534e+02],
        [0.0000e+00, 1.5436e+03, 5.3380e+02],
        [0.0000e+00, 0.0000e+00, 1.0000e+00]])
tensor([[1.5427e+03, 0.0000e+00, 9.5534e+02],
        [0.0000e+00, 1.5435e+03, 5.3383e+02],
        [0.0000e+00, 0.0000e+00, 1.0000e+00]])
tensor([[1.5426e+03, 0.0000e+00, 9.5535e+02],
        [0.0000e+00, 1.5434e+03, 5.3385e+02],
        [0.0000e+00, 0.0000e+00, 1.0000e+00]])
tensor([[1.5425e+03, 0.0000e+00, 9.5536e+02],
        [0.0000e+00, 1.5433e+03, 5.3388e+02],
        [0.0000e+00, 0.0000e+00, 1.0000e+00]])
tensor([[1.5424e+03, 0.0000e+00, 9.5536e+02],
        [0.0000e+00, 1.5432e+03, 5.3390e+02],
        [0.0000e+00, 0.0000e+00, 1.0000e+00]])
tensor([[1.5424e+03, 0.0000e+00, 9.5537e+02],
        [0.0000e+00, 1.5431e+03, 5.3392e+02],
        [0.0000e+00, 0.0000e+00, 1.0000e+00]])
tensor([[1.5423e+03, 0.0000e+00, 9.5537e+02],
        [0.0000e+00, 1.5431e+03, 5.3395e+02],
        [0.0000e+00, 0.0000e+00, 1.0000e+00]])
tensor([[1.5422e+03, 0.0000e+00, 9.5538e+02],
        [0.0000e+00, 1.5430e+03, 5.3397e+02],
        [0.0000e+00, 0.0000e+00, 1.0000e+00]])
tensor([[1.5421e+03, 0.0000e+00, 9.5539e+02],
        [0.0000e+00, 1.5429e+03, 5.3400e+02],
        [0.0000e+00, 0.0000e+00, 1.0000e+00]])
tensor([[1.5420e+03, 0.0000e+00, 9.5539e+02],
        [0.0000e+00, 1.5428e+03, 5.3402e+02],
        [0.0000e+00, 0.0000e+00, 1.0000e+00]])
tensor([[1.5419e+03, 0.0000e+00, 9.5540e+02],
        [0.0000e+00, 1.5427e+03, 5.3404e+02],
        [0.0000e+00, 0.0000e+00, 1.0000e+00]])
tensor([[1.5418e+03, 0.0000e+00, 9.5541e+02],
        [0.0000e+00, 1.5426e+03, 5.3407e+02],
        [0.0000e+00, 0.0000e+00, 1.0000e+00]])
tensor([[1.5417e+03, 0.0000e+00, 9.5541e+02],
        [0.0000e+00, 1.5425e+03, 5.3409e+02],
        [0.0000e+00, 0.0000e+00, 1.0000e+00]])
tensor([[1.5416e+03, 0.0000e+00, 9.5542e+02],
        [0.0000e+00, 1.5425e+03, 5.3411e+02],
        [0.0000e+00, 0.0000e+00, 1.0000e+00]])
tensor([[1.5416e+03, 0.0000e+00, 9.5542e+02],
        [0.0000e+00, 1.5424e+03, 5.3414e+02],
        [0.0000e+00, 0.0000e+00, 1.0000e+00]])
tensor([[1.5415e+03, 0.0000e+00, 9.5543e+02],
        [0.0000e+00, 1.5423e+03, 5.3416e+02],
        [0.0000e+00, 0.0000e+00, 1.0000e+00]])
tensor([[1.5414e+03, 0.0000e+00, 9.5544e+02],
        [0.0000e+00, 1.5422e+03, 5.3419e+02],
        [0.0000e+00, 0.0000e+00, 1.0000e+00]])
tensor([[1.5413e+03, 0.0000e+00, 9.5544e+02],
        [0.0000e+00, 1.5421e+03, 5.3421e+02],
        [0.0000e+00, 0.0000e+00, 1.0000e+00]])
tensor([[1.5412e+03, 0.0000e+00, 9.5545e+02],
        [0.0000e+00, 1.5420e+03, 5.3423e+02],
        [0.0000e+00, 0.0000e+00, 1.0000e+00]])
tensor([[1.5411e+03, 0.0000e+00, 9.5545e+02],
        [0.0000e+00, 1.5420e+03, 5.3426e+02],
        [0.0000e+00, 0.0000e+00, 1.0000e+00]])
tensor([[1.5410e+03, 0.0000e+00, 9.5546e+02],
        [0.0000e+00, 1.5419e+03, 5.3428e+02],
        [0.0000e+00, 0.0000e+00, 1.0000e+00]])
tensor([[1.5409e+03, 0.0000e+00, 9.5547e+02],
        [0.0000e+00, 1.5418e+03, 5.3431e+02],
        [0.0000e+00, 0.0000e+00, 1.0000e+00]])
tensor([[1.5408e+03, 0.0000e+00, 9.5547e+02],
        [0.0000e+00, 1.5417e+03, 5.3433e+02],
        [0.0000e+00, 0.0000e+00, 1.0000e+00]])
tensor([[1.5408e+03, 0.0000e+00, 9.5548e+02],
        [0.0000e+00, 1.5416e+03, 5.3435e+02],
        [0.0000e+00, 0.0000e+00, 1.0000e+00]])
tensor([[1.5407e+03, 0.0000e+00, 9.5548e+02],
        [0.0000e+00, 1.5415e+03, 5.3438e+02],
        [0.0000e+00, 0.0000e+00, 1.0000e+00]])
tensor([[1.5406e+03, 0.0000e+00, 9.5549e+02],
        [0.0000e+00, 1.5415e+03, 5.3440e+02],
        [0.0000e+00, 0.0000e+00, 1.0000e+00]])
tensor([[1.5405e+03, 0.0000e+00, 9.5550e+02],
        [0.0000e+00, 1.5414e+03, 5.3443e+02],
        [0.0000e+00, 0.0000e+00, 1.0000e+00]])
tensor([[1.5404e+03, 0.0000e+00, 9.5550e+02],
        [0.0000e+00, 1.5413e+03, 5.3445e+02],
        [0.0000e+00, 0.0000e+00, 1.0000e+00]])
tensor([[1.5403e+03, 0.0000e+00, 9.5551e+02],
        [0.0000e+00, 1.5412e+03, 5.3447e+02],
        [0.0000e+00, 0.0000e+00, 1.0000e+00]])
tensor([[1.5402e+03, 0.0000e+00, 9.5551e+02],
        [0.0000e+00, 1.5411e+03, 5.3450e+02],
        [0.0000e+00, 0.0000e+00, 1.0000e+00]])
tensor([[1.5401e+03, 0.0000e+00, 9.5552e+02],
        [0.0000e+00, 1.5410e+03, 5.3452e+02],
        [0.0000e+00, 0.0000e+00, 1.0000e+00]])
tensor([[1.5400e+03, 0.0000e+00, 9.5553e+02],
        [0.0000e+00, 1.5409e+03, 5.3455e+02],
        [0.0000e+00, 0.0000e+00, 1.0000e+00]])
tensor([[1.5400e+03, 0.0000e+00, 9.5553e+02],
        [0.0000e+00, 1.5409e+03, 5.3457e+02],
        [0.0000e+00, 0.0000e+00, 1.0000e+00]])
tensor([[1.5399e+03, 0.0000e+00, 9.5554e+02],
        [0.0000e+00, 1.5408e+03, 5.3459e+02],
        [0.0000e+00, 0.0000e+00, 1.0000e+00]])
tensor([[1.5398e+03, 0.0000e+00, 9.5554e+02],
        [0.0000e+00, 1.5407e+03, 5.3462e+02],
        [0.0000e+00, 0.0000e+00, 1.0000e+00]])
tensor([[1.5397e+03, 0.0000e+00, 9.5555e+02],
        [0.0000e+00, 1.5406e+03, 5.3464e+02],
        [0.0000e+00, 0.0000e+00, 1.0000e+00]])
tensor([[1.5396e+03, 0.0000e+00, 9.5556e+02],
        [0.0000e+00, 1.5405e+03, 5.3467e+02],
        [0.0000e+00, 0.0000e+00, 1.0000e+00]])
tensor([[1.5395e+03, 0.0000e+00, 9.5556e+02],
        [0.0000e+00, 1.5404e+03, 5.3469e+02],
        [0.0000e+00, 0.0000e+00, 1.0000e+00]])
tensor([[1.5394e+03, 0.0000e+00, 9.5557e+02],
        [0.0000e+00, 1.5404e+03, 5.3471e+02],
        [0.0000e+00, 0.0000e+00, 1.0000e+00]])
tensor([[1.5393e+03, 0.0000e+00, 9.5557e+02],
        [0.0000e+00, 1.5403e+03, 5.3474e+02],
        [0.0000e+00, 0.0000e+00, 1.0000e+00]])
tensor([[1.5392e+03, 0.0000e+00, 9.5558e+02],
        [0.0000e+00, 1.5402e+03, 5.3476e+02],
        [0.0000e+00, 0.0000e+00, 1.0000e+00]])
tensor([[1.5392e+03, 0.0000e+00, 9.5559e+02],
        [0.0000e+00, 1.5401e+03, 5.3478e+02],
        [0.0000e+00, 0.0000e+00, 1.0000e+00]])
tensor([[1.5391e+03, 0.0000e+00, 9.5559e+02],
        [0.0000e+00, 1.5400e+03, 5.3481e+02],
        [0.0000e+00, 0.0000e+00, 1.0000e+00]])
tensor([[1.5390e+03, 0.0000e+00, 9.5560e+02],
        [0.0000e+00, 1.5399e+03, 5.3483e+02],
        [0.0000e+00, 0.0000e+00, 1.0000e+00]])
tensor([[1.5389e+03, 0.0000e+00, 9.5560e+02],
        [0.0000e+00, 1.5398e+03, 5.3486e+02],
        [0.0000e+00, 0.0000e+00, 1.0000e+00]])
tensor([[1.5388e+03, 0.0000e+00, 9.5561e+02],
        [0.0000e+00, 1.5398e+03, 5.3488e+02],
        [0.0000e+00, 0.0000e+00, 1.0000e+00]])
tensor([[1.5387e+03, 0.0000e+00, 9.5562e+02],
        [0.0000e+00, 1.5397e+03, 5.3490e+02],
        [0.0000e+00, 0.0000e+00, 1.0000e+00]])
tensor([[1.5386e+03, 0.0000e+00, 9.5562e+02],
        [0.0000e+00, 1.5396e+03, 5.3493e+02],
        [0.0000e+00, 0.0000e+00, 1.0000e+00]])
tensor([[1.5385e+03, 0.0000e+00, 9.5563e+02],
        [0.0000e+00, 1.5395e+03, 5.3495e+02],
        [0.0000e+00, 0.0000e+00, 1.0000e+00]])
tensor([[1.5384e+03, 0.0000e+00, 9.5563e+02],
        [0.0000e+00, 1.5394e+03, 5.3498e+02],
        [0.0000e+00, 0.0000e+00, 1.0000e+00]])
tensor([[1.5384e+03, 0.0000e+00, 9.5564e+02],
        [0.0000e+00, 1.5393e+03, 5.3500e+02],
        [0.0000e+00, 0.0000e+00, 1.0000e+00]])
tensor([[1.5383e+03, 0.0000e+00, 9.5565e+02],
        [0.0000e+00, 1.5393e+03, 5.3502e+02],
        [0.0000e+00, 0.0000e+00, 1.0000e+00]])
tensor([[1.5382e+03, 0.0000e+00, 9.5565e+02],
        [0.0000e+00, 1.5392e+03, 5.3505e+02],
        [0.0000e+00, 0.0000e+00, 1.0000e+00]])
tensor([[1.5381e+03, 0.0000e+00, 9.5566e+02],
        [0.0000e+00, 1.5391e+03, 5.3507e+02],
        [0.0000e+00, 0.0000e+00, 1.0000e+00]])
tensor([[1.5380e+03, 0.0000e+00, 9.5566e+02],
        [0.0000e+00, 1.5390e+03, 5.3510e+02],
        [0.0000e+00, 0.0000e+00, 1.0000e+00]])
tensor([[1.5379e+03, 0.0000e+00, 9.5567e+02],
        [0.0000e+00, 1.5389e+03, 5.3512e+02],
        [0.0000e+00, 0.0000e+00, 1.0000e+00]])
tensor([[1.5378e+03, 0.0000e+00, 9.5568e+02],
        [0.0000e+00, 1.5388e+03, 5.3514e+02],
        [0.0000e+00, 0.0000e+00, 1.0000e+00]])
tensor([[1.5377e+03, 0.0000e+00, 9.5568e+02],
        [0.0000e+00, 1.5388e+03, 5.3517e+02],
        [0.0000e+00, 0.0000e+00, 1.0000e+00]])
tensor([[1.5377e+03, 0.0000e+00, 9.5569e+02],
        [0.0000e+00, 1.5387e+03, 5.3519e+02],
        [0.0000e+00, 0.0000e+00, 1.0000e+00]])
tensor([[1.5376e+03, 0.0000e+00, 9.5569e+02],
        [0.0000e+00, 1.5386e+03, 5.3522e+02],
        [0.0000e+00, 0.0000e+00, 1.0000e+00]])
tensor([[1.5375e+03, 0.0000e+00, 9.5570e+02],
        [0.0000e+00, 1.5385e+03, 5.3524e+02],
        [0.0000e+00, 0.0000e+00, 1.0000e+00]])
tensor([[1.5374e+03, 0.0000e+00, 9.5571e+02],
        [0.0000e+00, 1.5384e+03, 5.3526e+02],
        [0.0000e+00, 0.0000e+00, 1.0000e+00]])
tensor([[1.5373e+03, 0.0000e+00, 9.5571e+02],
        [0.0000e+00, 1.5383e+03, 5.3529e+02],
        [0.0000e+00, 0.0000e+00, 1.0000e+00]])
tensor([[1.5372e+03, 0.0000e+00, 9.5572e+02],
        [0.0000e+00, 1.5382e+03, 5.3531e+02],
        [0.0000e+00, 0.0000e+00, 1.0000e+00]])
tensor([[1.5371e+03, 0.0000e+00, 9.5572e+02],
        [0.0000e+00, 1.5382e+03, 5.3533e+02],
        [0.0000e+00, 0.0000e+00, 1.0000e+00]])
tensor([[1.5370e+03, 0.0000e+00, 9.5573e+02],
        [0.0000e+00, 1.5381e+03, 5.3536e+02],
        [0.0000e+00, 0.0000e+00, 1.0000e+00]])
tensor([[1.5369e+03, 0.0000e+00, 9.5574e+02],
        [0.0000e+00, 1.5380e+03, 5.3538e+02],
        [0.0000e+00, 0.0000e+00, 1.0000e+00]])
tensor([[1.5369e+03, 0.0000e+00, 9.5574e+02],
        [0.0000e+00, 1.5379e+03, 5.3541e+02],
        [0.0000e+00, 0.0000e+00, 1.0000e+00]])
tensor([[1.5368e+03, 0.0000e+00, 9.5575e+02],
        [0.0000e+00, 1.5378e+03, 5.3543e+02],
        [0.0000e+00, 0.0000e+00, 1.0000e+00]])
tensor([[1.5367e+03, 0.0000e+00, 9.5576e+02],
        [0.0000e+00, 1.5377e+03, 5.3545e+02],
        [0.0000e+00, 0.0000e+00, 1.0000e+00]])
tensor([[1.5366e+03, 0.0000e+00, 9.5576e+02],
        [0.0000e+00, 1.5377e+03, 5.3548e+02],
        [0.0000e+00, 0.0000e+00, 1.0000e+00]])
tensor([[1.5365e+03, 0.0000e+00, 9.5577e+02],
        [0.0000e+00, 1.5376e+03, 5.3550e+02],
        [0.0000e+00, 0.0000e+00, 1.0000e+00]])
tensor([[1.5364e+03, 0.0000e+00, 9.5577e+02],
        [0.0000e+00, 1.5375e+03, 5.3553e+02],
        [0.0000e+00, 0.0000e+00, 1.0000e+00]])
tensor([[1.5363e+03, 0.0000e+00, 9.5578e+02],
        [0.0000e+00, 1.5374e+03, 5.3555e+02],
        [0.0000e+00, 0.0000e+00, 1.0000e+00]])
tensor([[1.5362e+03, 0.0000e+00, 9.5579e+02],
        [0.0000e+00, 1.5373e+03, 5.3557e+02],
        [0.0000e+00, 0.0000e+00, 1.0000e+00]])
tensor([[1.5361e+03, 0.0000e+00, 9.5579e+02],
        [0.0000e+00, 1.5372e+03, 5.3560e+02],
        [0.0000e+00, 0.0000e+00, 1.0000e+00]])
tensor([[1.5361e+03, 0.0000e+00, 9.5580e+02],
        [0.0000e+00, 1.5372e+03, 5.3562e+02],
        [0.0000e+00, 0.0000e+00, 1.0000e+00]])
tensor([[1.5360e+03, 0.0000e+00, 9.5580e+02],
        [0.0000e+00, 1.5371e+03, 5.3565e+02],
        [0.0000e+00, 0.0000e+00, 1.0000e+00]])
tensor([[1.5359e+03, 0.0000e+00, 9.5581e+02],
        [0.0000e+00, 1.5370e+03, 5.3567e+02],
        [0.0000e+00, 0.0000e+00, 1.0000e+00]])
tensor([[1.5358e+03, 0.0000e+00, 9.5582e+02],
        [0.0000e+00, 1.5369e+03, 5.3569e+02],
        [0.0000e+00, 0.0000e+00, 1.0000e+00]])
tensor([[1.5357e+03, 0.0000e+00, 9.5582e+02],
        [0.0000e+00, 1.5368e+03, 5.3572e+02],
        [0.0000e+00, 0.0000e+00, 1.0000e+00]])
tensor([[1.5356e+03, 0.0000e+00, 9.5583e+02],
        [0.0000e+00, 1.5367e+03, 5.3574e+02],
        [0.0000e+00, 0.0000e+00, 1.0000e+00]])
tensor([[1.5355e+03, 0.0000e+00, 9.5583e+02],
        [0.0000e+00, 1.5366e+03, 5.3577e+02],
        [0.0000e+00, 0.0000e+00, 1.0000e+00]])
tensor([[1.5354e+03, 0.0000e+00, 9.5584e+02],
        [0.0000e+00, 1.5366e+03, 5.3579e+02],
        [0.0000e+00, 0.0000e+00, 1.0000e+00]])
tensor([[1.5353e+03, 0.0000e+00, 9.5585e+02],
        [0.0000e+00, 1.5365e+03, 5.3581e+02],
        [0.0000e+00, 0.0000e+00, 1.0000e+00]])
tensor([[1.5353e+03, 0.0000e+00, 9.5585e+02],
        [0.0000e+00, 1.5364e+03, 5.3584e+02],
        [0.0000e+00, 0.0000e+00, 1.0000e+00]])
tensor([[1.5352e+03, 0.0000e+00, 9.5586e+02],
        [0.0000e+00, 1.5363e+03, 5.3586e+02],
        [0.0000e+00, 0.0000e+00, 1.0000e+00]])
tensor([[1.5351e+03, 0.0000e+00, 9.5586e+02],
        [0.0000e+00, 1.5362e+03, 5.3589e+02],
        [0.0000e+00, 0.0000e+00, 1.0000e+00]])
tensor([[1.5350e+03, 0.0000e+00, 9.5587e+02],
        [0.0000e+00, 1.5361e+03, 5.3591e+02],
        [0.0000e+00, 0.0000e+00, 1.0000e+00]])
tensor([[1.5349e+03, 0.0000e+00, 9.5588e+02],
        [0.0000e+00, 1.5361e+03, 5.3593e+02],
        [0.0000e+00, 0.0000e+00, 1.0000e+00]])
